$ANSIBLE_VAULT;1.1;AES256
35366563353836373234313765373865316138386334346134633434303031626136373034656631
3635313265663437613266613731393138613332313035660a313664663533396538393537613161
64633464303539353836396331613836666365396463666162643730383438363262376561333434
3438346531376431630a363932383039343834303261653133616135376139383965633964633364
63386263623266386365393438626439373838646437363633336361313636383662633063643537
30666537383636356235633632356131336236363233643664363835646331376332613166353562
33356538313766643266333663323632336466633361353465363064646661306637316334623161
65306339636636316466666565366536306366363962626361356236303637656562306630383265
31386165653862373661623436616633386338383361353461663934353831376161386662646130
66663436316262663837373531353932313762323466366539663665613164323766373734373938
31626663343062306237343363343838353865656263376235663536653532333639633239333364
33336436363336653435333962386464626133616461323033383265383132353430343936393338
61356238613535376363626166333835303164333462656539336166343562393863643631646564
66326666313935636263663236393631623762383537643236656463613334663133336566636130
33386436616336303632326161336137333965313866623364613332383162313461366331333736
38623534623462633364663364383139376362313835383632656236333064323965326166626462
64373934303565653564643538363138636130363833623035343536353830653863633238633536
38346136333163656463386336363135353136343461653965393232356366353964633864363439
36383536343262383934623066316230393462343063376533323936383664303661643532366132
35306435303432346238623839343134336430313638656362613939373361666135346331383936
32623537323361663433653130633064363430633439393732333166356565623532663435613338
38336166343466336263313864623931356331666438386564346432376136616333336663653738
63646136666563626665336364643434303930363931316366663139393366636537356263383563
39623634653236363566376336323938353231383433663963376635336432396135613339663139
31313030373165393630613730383663656133656232636363663832343538313463386630633066
61356363343235633165323831646564383561656638343235623431326338383831636232613230
31373661396137353066383636303464326666323930663537343434663031386331303766653432
63613037316231323933346261386132333563333930396337356166313536656236303136366234
39656534396237303330383339623861393531656532336663656433303565353830626463653966
39313032613837346131623032393037336130363263336435383065313261656365366238636262
33663561363464643132336164306336306662326435636430356161643161663434646537386162
38623634353136316166343631363438363564633234363965386264646434376630666266316166
61303039396534363130656262656433373330653931646363643165353633626630363062616162
38343862383834326463336234376136386236366562356134316663383566383039363833353164
39386561376331623138363131636237316566323065393466663566306666656666663138656639
66353837643631353837383063393864366262396337386565353332643038653732313738356537
64366532313864386635666130393634363038646138353865336236616632396463656233393662
62356565373731623631363663663533623265656435373936396138333830393138333666383537
37303066356239393934626164613930633332313063353730353431393535333935623939653634
35323630386636643462313330613530616538623862643537643461613930333337396138623330
64653537313361386537633466396539616533666437333334313661343634396530353339656566
66303166306532343466306330636465363436636563356330376635323835626563363039383631
38623438626637383662613565336565323063623031353438363834373530386433633833376138
37393732646266356635383266653366306537326365396536373234343133323135626364313166
39343237326661616361393665663732613232626434326430653738366533373234393731306132
65363165386338666564616636303065393961353736366432616664363030356330306566343632
38616136666465366261323633653463396538393933326263343636643734393861323833646530
30326339333265333362393561663662383061346363643339623038346166653532623161363664
31353664633737633362653632393230343834326331383537373334303439353838383937633061
30396231303637663035383262663563613036376161383635336565396638633262343166636430
64623136343535313266653365626235386135343036313739393930383833613333333163366162
35613732303538353934343166303362623466643333653239356361663035323339623636386233
3561
