$ANSIBLE_VAULT;1.1;AES256
33613465616532393562656438653936363436623032363635643037343938396531663632363734
3464613463343765656535623732666131663131353433360a653561373336393331386432623434
31356463323362343232616336353263306362633163663865353661623134663166643137643735
3439396464363562390a383562333636633536373461616331363634363362316639356139613261
65353038336239356239653139626661666535656431333262376262633930326136326266333035
39376335653034363862373030386532363137646133386331386633306461653230666531383133
33643036383064626639666136316361633462396331623763656365386165363166623665646532
64323139343463356364336665663062643031303330643364346439306435386362366231356661
61663333376334633963383135653066353561326434393136353362643066613337373735636136
33653533363331613934366564646137373466383661643863323261326234623437656239316535
35633664663662383562383766653239633764386331323763633338666464393666626362323130
61333132656432636563643439313332653131626337643431663463343963616639396164393963
63616232636234616466656430663233356266656565373164643064303434616232613135343231
61633837373835366166646138366233376262663538353835306562666565396565333461646464
66383831383838316232356131636334323330353463636336353162646534366434336634393238
32336464613939616436
